9571
11579
1075
2667
9194
5857
12911
8132
7108
1357
2434
282
2500
10538
5334
9809
8802
1799
1620
11771
13401
11583
5880
1815
12294
5342
1088
2226
2935
9365
9922
14240
7095
476
10440
11442
11520
3240
3760
14135
3362
8703
2970
4949
11623
3522
13780
3312
6273
11263
2114
5240
13794
6750
11062
9319
7847
7784
5853
11188
7209
3058
13315
14243
11885
9160
185
9716
9785
11888
166
9014
2859
1562
13987
10199
7509
5546
10000
9574
186
12012
6336
12741
12005
8091
3391
2639
3805
5083
6935
3238
8007
485
651
544
12939
2809
7670
7982
5050
10591
2234
8153
4026
6054
3059
396
14270
12650
14266
1542
7324
12002
4377
3409
326
5034
12700
8511
13640
3727
4431
14168
5486
13216
7695
2556
8283
3510
1048
5478
14220
4428
8354
2497
7563
244
11827
5448
222
4969
10023
7355
9476
5931
11114
1468
12774
11812
784
7468
1604
4495
741
6318
3957
13330
7181
12832
10475
8971
1766
3302
4942
8081
13935
4313
7222
9016
8474
13844
10082
585
12611
11906
12473
12953
664
2419
9095
6639
12927
3907
12071
9087
4760
10401
3292
13313
13752
3721
8598
4129
7823
2072
12162
5069
3521
10473
8218
11713
1777
8113
12619
9946
10819
2606
4046
8428
5715
7403
6742
7870
9129
9462
12175
13920
8644
10075
8013
10961
4469
818
1328
11506
3016
10369
13304
704
13487
14070
2633
9459
730
10032
372
13451
1851
1743
5802
3377
506
1943
3755
4937
7990
7506
8618
7039
10259
13434
11196
12625
4570
1386
905
6840
4797
2017
12780
4684
4172
51
14307
7623
10565
13303
13025
12437
5995
13851
11123
14224
7716
331
3804
7406
10289
1846
2673
403
1523
9494
5955
5795
1212
569
2515
2337
4547
843
2176
733
2570
93
1260
8433
10951
10145
6283
8681
1861
14175
3168
320
1377
8455
13600
12488
3851
10392
8674
4358
907
11243
13785
4939
2762
1568
12906
8027
6830
13224
3605
7137
4962
7624
4953
1741
11471
1878
10682
8381
13288
6189
798
12022
8531
1936
895
11407
4193
6148
12500
1322
12309
3308
2508
123
716
11785
3173
13088
7193
9939
6159
10216
10706
1422
2897
13611
11240
144
8924
6261
3407
4929
7734
6696
8949
11532
174
8362
11918
7292
2068
1901
5650
4623
2094
4927
1425
4203
145
12896
4121
14304
5004
12564
8263
6685
12652
7578
13462
5219
11986
3253
1351
919
8762
9320
4413
13014
5530
5324
13232
7711
7903
10354
1004
1910
6520
14148
8862
5540
4551
303
1640
5765
4759
12032
7502
8056
9604
8150
12974
10517
61
3771
12409
9890
10390
13159
11743
1470
4829
9652
11110
7264
1940
12967
4096
11336
6441
8270
847
9969
3450
12865
10131
11893
4921
1753
9148
13120
13378
14100
9344
1724
6481
5958
8142
13736
5248
2099
10242
11999
10067
6627
2024
7778
8311
3139
7609
8426
13577
12400
7896
10519
5813
2934
9343
6656
10943
14290
8232
4081
1043
8235
898
6752
60
2299
6320
6634
9688
8857
5187
12841
